e=2.71828
golden_ratio=1.6180339887
pi=3.14
r=10.0
